  0.0000000000000001
  0.7071067811865476
 -0.7071067811865475
  0.8660254037844387
  0.0000000000000001
 -0.8660254037844387
  0.9238795325112867
  0.3826834323650898
 -0.3826834323650897
 -0.9238795325112867
  0.9510565162951535
  0.5877852522924731
  0.0000000000000001
 -0.5877852522924730
 -0.9510565162951535
  0.9659258262890683
  0.7071067811865476
  0.2588190451025207
 -0.2588190451025209
 -0.7071067811865475
 -0.9659258262890682
  0.9749279121818236
  0.7818314824680298
  0.4338837391175582
  0.0000000000000001
 -0.4338837391175581
 -0.7818314824680297
 -0.9749279121818236
  0.9807852804032304
  0.8314696123025452
  0.5555702330196023
  0.1950903220161283
 -0.1950903220161282
 -0.5555702330196020
 -0.8314696123025453
 -0.9807852804032304
  0.9848077530122080
  0.8660254037844387
  0.6427876096865394
  0.3420201433256688
  0.0000000000000001
 -0.3420201433256687
 -0.6427876096865394
 -0.8660254037844387
 -0.9848077530122080
  0.9876883405951378
  0.8910065241883679
  0.7071067811865476
  0.4539904997395469
  0.1564344650402309
 -0.1564344650402310
 -0.4539904997395467
 -0.7071067811865475
 -0.8910065241883678
 -0.9876883405951377
  0.9898214418809327
  0.9096319953545184
  0.7557495743542584
  0.5406408174555977
  0.2817325568414296
  0.0000000000000001
 -0.2817325568414297
 -0.5406408174555972
 -0.7557495743542582
 -0.9096319953545184
 -0.9898214418809327
  0.9914448613738104
  0.9238795325112867
  0.7933533402912352
  0.6087614290087207
  0.3826834323650898
  0.1305261922200517
 -0.1305261922200514
 -0.3826834323650897
 -0.6087614290087207
 -0.7933533402912351
 -0.9238795325112867
 -0.9914448613738104
  0.9927088740980540
  0.9350162426854148
  0.8229838658936564
  0.6631226582407953
  0.4647231720437686
  0.2393156642875578
  0.0000000000000001
 -0.2393156642875575
 -0.4647231720437685
 -0.6631226582407950
 -0.8229838658936564
 -0.9350162426854147
 -0.9927088740980540
  0.9937122098932426
  0.9438833303083676
  0.8467241992282842
  0.7071067811865476
  0.5320320765153366
  0.3302790619551672
  0.1119644761033079
 -0.1119644761033078
 -0.3302790619551668
 -0.5320320765153365
 -0.7071067811865475
 -0.8467241992282841
 -0.9438833303083676
 -0.9937122098932426
  0.9945218953682733
  0.9510565162951535
  0.8660254037844387
  0.7431448254773942
  0.5877852522924731
  0.4067366430758004
  0.2079116908177592
  0.0000000000000001
 -0.2079116908177591
 -0.4067366430758001
 -0.5877852522924730
 -0.7431448254773944
 -0.8660254037844387
 -0.9510565162951535
 -0.9945218953682733
  0.9951847266721969
  0.9569403357322088
  0.8819212643483550
  0.7730104533627370
  0.6343932841636455
  0.4713967368259978
  0.2902846772544623
  0.0980171403295608
 -0.0980171403295606
 -0.2902846772544622
 -0.4713967368259977
 -0.6343932841636454
 -0.7730104533627370
 -0.8819212643483549
 -0.9569403357322088
 -0.9951847266721968
  0.9957341762950345
  0.9618256431728190
  0.8951632913550623
  0.7980172272802395
  0.6736956436465572
  0.5264321628773558
  0.3612416661871530
  0.1837495178165705
  0.0000000000000001
 -0.1837495178165704
 -0.3612416661871529
 -0.5264321628773559
 -0.6736956436465572
 -0.7980172272802395
 -0.8951632913550622
 -0.9618256431728190
 -0.9957341762950345
  0.9961946980917455
  0.9659258262890683
  0.9063077870366499
  0.8191520442889918
  0.7071067811865476
  0.5735764363510460
  0.4226182617406994
  0.2588190451025207
  0.0871557427476584
 -0.0871557427476582
 -0.2588190451025209
 -0.4226182617406993
 -0.5735764363510458
 -0.7071067811865475
 -0.8191520442889919
 -0.9063077870366499
 -0.9659258262890682
 -0.9961946980917455
  0.9965844930066698
  0.9694002659393304
  0.9157733266550574
  0.8371664782625285
  0.7357239106731316
  0.6142127126896678
  0.4759473930370736
  0.3246994692046836
  0.1645945902807340
  0.0000000000000001
 -0.1645945902807341
 -0.3246994692046835
 -0.4759473930370736
 -0.6142127126896678
 -0.7357239106731316
 -0.8371664782625285
 -0.9157733266550575
 -0.9694002659393304
 -0.9965844930066698
  0.9969173337331280
  0.9723699203976766
  0.9238795325112867
  0.8526401643540923
  0.7604059656000309
  0.6494480483301835
  0.5224985647159489
  0.3826834323650898
  0.2334453638559055
  0.0784590957278450
 -0.0784590957278449
 -0.2334453638559051
 -0.3826834323650897
 -0.5224985647159488
 -0.6494480483301835
 -0.7604059656000308
 -0.8526401643540922
 -0.9238795325112867
 -0.9723699203976766
 -0.9969173337331280
  0.9972037971811801
  0.9749279121818236
  0.9308737486442042
  0.8660254037844387
  0.7818314824680298
  0.6801727377709194
  0.5633200580636220
  0.4338837391175582
  0.2947551744109043
  0.1490422661761744
  0.0000000000000001
 -0.1490422661761745
 -0.2947551744109042
 -0.4338837391175581
 -0.5633200580636221
 -0.6801727377709196
 -0.7818314824680297
 -0.8660254037844387
 -0.9308737486442041
 -0.9749279121818236
 -0.9972037971811801
  0.9974521146102535
  0.9771468659711595
  0.9369497249997617
  0.8776789895672557
  0.8005412409243604
  0.7071067811865476
  0.5992776665113470
  0.4792489867200570
  0.3494641795990984
  0.2125652895529766
  0.0713391831992324
 -0.0713391831992322
 -0.2125652895529767
 -0.3494641795990983
 -0.4792489867200565
 -0.5992776665113470
 -0.7071067811865475
 -0.8005412409243603
 -0.8776789895672557
 -0.9369497249997616
 -0.9771468659711594
 -0.9974521146102535
  0.9976687691905392
  0.9790840876823229
  0.9422609221188205
  0.8878852184023752
  0.8169698930104420
  0.7308359642781241
  0.6310879443260529
  0.5195839500354336
  0.3984010898462416
  0.2697967711570242
  0.1361666490962468
  0.0000000000000001
 -0.1361666490962465
 -0.2697967711570243
 -0.3984010898462415
 -0.5195839500354333
 -0.6310879443260525
 -0.7308359642781241
 -0.8169698930104420
 -0.8878852184023752
 -0.9422609221188204
 -0.9790840876823229
 -0.9976687691905393
  0.9978589232386035
  0.9807852804032304
  0.9469301294951057
  0.8968727415326883
  0.8314696123025452
  0.7518398074789774
  0.6593458151000690
  0.5555702330196023
  0.4422886902190012
  0.3214394653031617
  0.1950903220161283
  0.0654031292301430
 -0.0654031292301431
 -0.1950903220161282
 -0.3214394653031614
 -0.4422886902190011
 -0.5555702330196020
 -0.6593458151000688
 -0.7518398074789773
 -0.8314696123025453
 -0.8968727415326883
 -0.9469301294951056
 -0.9807852804032304
 -0.9978589232386035
  0.9980267284282716
  0.9822872507286887
  0.9510565162951535
  0.9048270524660195
  0.8443279255020151
  0.7705132427757893
  0.6845471059286887
  0.5877852522924731
  0.4817536741017152
  0.3681245526846781
  0.2486898871648550
  0.1253332335643043
  0.0000000000000001
 -0.1253332335643044
 -0.2486898871648546
 -0.3681245526846780
 -0.4817536741017154
 -0.5877852522924730
 -0.6845471059286887
 -0.7705132427757891
 -0.8443279255020149
 -0.9048270524660194
 -0.9510565162951535
 -0.9822872507286886
 -0.9980267284282716
  0.9981755542233175
  0.9836199069471436
  0.9547208665085456
  0.9118998459920901
  0.8557812723014475
  0.7871834806090502
  0.7071067811865476
  0.6167188726285432
  0.5173378141776568
  0.4104128054527569
  0.2975030538552030
  0.1802550378139059
  0.0603784974222861
 -0.0603784974222862
 -0.1802550378139057
 -0.2975030538552029
 -0.4104128054527566
 -0.5173378141776569
 -0.6167188726285431
 -0.7071067811865475
 -0.7871834806090501
 -0.8557812723014474
 -0.9118998459920901
 -0.9547208665085456
 -0.9836199069471435
 -0.9981755542233175
  0.9983081582712682
  0.9848077530122080
  0.9579895123154889
  0.9182161068802740
  0.8660254037844387
  0.8021231927550438
  0.7273736415730487
  0.6427876096865394
  0.5495089780708060
  0.4487991802004623
  0.3420201433256688
  0.2306158707424402
  0.1160929141252303
  0.0000000000000001
 -0.1160929141252304
 -0.2306158707424401
 -0.3420201433256687
 -0.4487991802004622
 -0.5495089780708060
 -0.6427876096865394
 -0.7273736415730487
 -0.8021231927550438
 -0.8660254037844387
 -0.9182161068802739
 -0.9579895123154889
 -0.9848077530122080
 -0.9983081582712682
  0.9984268150178166
  0.9858710185182359
  0.9609173219450995
  0.9238795325112867
  0.8752234219087537
  0.8155608689592602
  0.7456421648831656
  0.6663465779520039
  0.5786712961798058
  0.4837188871052398
  0.3826834323650898
  0.2768355114248494
  0.1675062233047365
  0.0560704472371918
 -0.0560704472371919
 -0.1675062233047363
 -0.2768355114248493
 -0.3826834323650897
 -0.4837188871052397
 -0.5786712961798057
 -0.6663465779520039
 -0.7456421648831656
 -0.8155608689592602
 -0.8752234219087537
 -0.9238795325112867
 -0.9609173219450995
 -0.9858710185182359
 -0.9984268150178166
  0.9985334138511238
  0.9868265225415261
  0.9635499925192229
  0.9289767198167914
  0.8835120444460229
  0.8276889981568906
  0.7621620551276365
  0.6876994588534233
  0.6051742151937652
  0.5155538571770217
  0.4198891015602646
  0.3193015301359799
  0.2149704402110242
  0.1081190184239419
  0.0000000000000001
 -0.1081190184239415
 -0.2149704402110241
 -0.3193015301359798
 -0.4198891015602647
 -0.5155538571770218
 -0.6051742151937649
 -0.6876994588534234
 -0.7621620551276364
 -0.8276889981568905
 -0.8835120444460228
 -0.9289767198167914
 -0.9635499925192229
 -0.9868265225415261
 -0.9985334138511238
  0.9986295347545738
  0.9876883405951378
  0.9659258262890683
  0.9335804264972017
  0.8910065241883679
  0.8386705679454241
  0.7771459614569708
  0.7071067811865476
  0.6293203910498375
  0.5446390350150272
  0.4539904997395469
  0.3583679495453002
  0.2588190451025207
  0.1564344650402309
  0.0523359562429440
 -0.0523359562429438
 -0.1564344650402310
 -0.2588190451025209
 -0.3583679495453003
 -0.4539904997395467
 -0.5446390350150271
 -0.6293203910498373
 -0.7071067811865475
 -0.7771459614569709
 -0.8386705679454239
 -0.8910065241883678
 -0.9335804264972016
 -0.9659258262890682
 -0.9876883405951377
 -0.9986295347545738
  0.9987165071710528
  0.9884683243281114
  0.9680771188662043
  0.9377521321470804
  0.8978045395707417
  0.8486442574947509
  0.7907757369376985
  0.7247927872291200
  0.6513724827222224
  0.5712682150947923
  0.4853019625310812
  0.3943558551133186
  0.2993631229733582
  0.2012985200886601
  0.1011683219874322
  0.0000000000000001
 -0.1011683219874321
 -0.2012985200886602
 -0.2993631229733580
 -0.3943558551133184
 -0.4853019625310809
 -0.5712682150947925
 -0.6513724827222220
 -0.7247927872291198
 -0.7907757369376984
 -0.8486442574947510
 -0.8978045395707416
 -0.9377521321470804
 -0.9680771188662042
 -0.9884683243281114
 -0.9987165071710528
  0.9987954562051724
  0.9891765099647810
  0.9700312531945440
  0.9415440651830208
  0.9039892931234433
  0.8577286100002721
  0.8032075314806449
  0.7409511253549592
  0.6715589548470184
  0.5956993044924335
  0.5141027441932217
  0.4275550934302822
  0.3368898533922201
  0.2429801799032640
  0.1467304744553617
  0.0490676743274181
 -0.0490676743274180
 -0.1467304744553616
 -0.2429801799032639
 -0.3368898533922199
 -0.4275550934302819
 -0.5141027441932216
 -0.5956993044924334
 -0.6715589548470184
 -0.7409511253549589
 -0.8032075314806448
 -0.8577286100002720
 -0.9039892931234433
 -0.9415440651830207
 -0.9700312531945440
 -0.9891765099647810
 -0.9987954562051724
  0.9988673391830080
  0.9898214418809327
  0.9718115683235417
  0.9450008187146685
  0.9096319953545184
  0.8660254037844387
  0.8145759520503357
  0.7557495743542584
  0.6900790114821120
  0.6181589862206052
  0.5406408174555977
  0.4582265217274105
  0.3716624556603275
  0.2817325568414296
  0.1892512443604102
  0.0950560433041826
  0.0000000000000001
 -0.0950560433041825
 -0.1892512443604099
 -0.2817325568414297
 -0.3716624556603274
 -0.4582265217274104
 -0.5406408174555972
 -0.6181589862206053
 -0.6900790114821118
 -0.7557495743542582
 -0.8145759520503357
 -0.8660254037844387
 -0.9096319953545184
 -0.9450008187146685
 -0.9718115683235417
 -0.9898214418809327
 -0.9988673391830080
  0.9989329748023724
  0.9904104308752052
  0.9734380543606929
  0.9481606475909659
  0.9147938684880210
  0.8736223906463696
  0.8249974745983024
  0.7693339709828789
  0.7071067811865476
  0.6388468056519613
  0.5651364144225919
  0.4866044785668562
  0.4039210048718950
  0.3177914195819017
  0.2289505499501341
  0.1381563549518823
  0.0461834586457397
 -0.0461834586457394
 -0.1381563549518820
 -0.2289505499501338
 -0.3177914195819015
 -0.4039210048718948
 -0.4866044785668561
 -0.5651364144225919
 -0.6388468056519611
 -0.7071067811865475
 -0.7693339709828789
 -0.8249974745983022
 -0.8736223906463696
 -0.9147938684880210
 -0.9481606475909659
 -0.9734380543606929
 -0.9904104308752051
 -0.9989329748023724
  0.9989930665413147
  0.9909497617679348
  0.9749279121818236
  0.9510565162951535
  0.9195277725514507
  0.8805955318567380
  0.8345732537213026
  0.7818314824680298
  0.7227948638273916
  0.6579387259397127
  0.5877852522924731
  0.5128992774059061
  0.4338837391175582
  0.3513748240813427
  0.2660368455666752
  0.1785568947986367
  0.0896393089034336
  0.0000000000000001
 -0.0896393089034334
 -0.1785568947986366
 -0.2660368455666751
 -0.3513748240813429
 -0.4338837391175581
 -0.5128992774059060
 -0.5877852522924730
 -0.6579387259397126
 -0.7227948638273914
 -0.7818314824680297
 -0.8345732537213025
 -0.8805955318567380
 -0.9195277725514506
 -0.9510565162951535
 -0.9749279121818236
 -0.9909497617679347
 -0.9989930665413146
  0.9990482215818578
  0.9914448613738104
  0.9762960071199334
  0.9537169507482269
  0.9238795325112867
  0.8870108331782217
  0.8433914458128857
  0.7933533402912352
  0.7372773368101241
  0.6755902076156602
  0.6087614290087207
  0.5372996083468239
  0.4617486132350341
  0.3826834323650898
  0.3007057995042731
  0.2164396139381029
  0.1305261922200517
  0.0436193873653360
 -0.0436193873653359
 -0.1305261922200514
 -0.2164396139381028
 -0.3007057995042730
 -0.3826834323650897
 -0.4617486132350338
 -0.5372996083468240
 -0.6087614290087207
 -0.6755902076156602
 -0.7372773368101240
 -0.7933533402912351
 -0.8433914458128855
 -0.8870108331782217
 -0.9238795325112867
 -0.9537169507482268
 -0.9762960071199334
 -0.9914448613738104
 -0.9990482215818578
  0.9990989662046815
  0.9919004352588768
  0.9775552389476861
  0.9561667347392510
  0.9278890272965093
  0.8929258581495685
  0.8515291377333113
  0.8039971303669405
  0.7506723052527243
  0.6919388689775463
  0.6282199972956424
  0.5599747861375954
  0.4876949438136346
  0.4119012482439928
  0.3331397947420577
  0.2519780613851251
  0.1690008203218491
  0.0848059244755092
  0.0000000000000001
 -0.0848059244755089
 -0.1690008203218490
 -0.2519780613851250
 -0.3331397947420576
 -0.4119012482439925
 -0.4876949438136343
 -0.5599747861375953
 -0.6282199972956424
 -0.6919388689775461
 -0.7506723052527243
 -0.8039971303669404
 -0.8515291377333113
 -0.8929258581495684
 -0.9278890272965092
 -0.9561667347392508
 -0.9775552389476861
 -0.9919004352588768
 -0.9990989662046814
  0.9991457583873010
  0.9923205797370450
  0.9787168453273545
  0.9584274824582527
  0.9315910880512790
  0.8983909818919789
  0.8590539543698852
  0.8138487172701950
  0.7630840681998066
  0.7071067811865476
  0.6462992378609408
  0.5810768154019383
  0.5118850490896010
  0.4391965888473703
  0.3635079705638298
  0.2853362242491053
  0.2052153421956343
  0.1236926312693478
  0.0413249742488132
 -0.0413249742488133
 -0.1236926312693477
 -0.2052153421956341
 -0.2853362242491052
 -0.3635079705638299
 -0.4391965888473702
 -0.5118850490896008
 -0.5810768154019382
 -0.6462992378609410
 -0.7071067811865475
 -0.7630840681998063
 -0.8138487172701949
 -0.8590539543698853
 -0.8983909818919789
 -0.9315910880512789
 -0.9584274824582527
 -0.9787168453273545
 -0.9923205797370450
 -0.9991457583873010
  0.9991889981715696
  0.9927088740980540
  0.9797906520422677
  0.9605181116313724
  0.9350162426854148
  0.9034504346103823
  0.8660254037844387
  0.8229838658936564
  0.7746049618276546
  0.7212024473438146
  0.6631226582407953
  0.6007422642379789
  0.5344658261278010
  0.4647231720437686
  0.3919666098600751
  0.3166679938014726
  0.2393156642875578
  0.1604112808577602
  0.0804665687167260
  0.0000000000000001
 -0.0804665687167259
 -0.1604112808577603
 -0.2393156642875575
 -0.3166679938014723
 -0.3919666098600750
 -0.4647231720437685
 -0.5344658261278011
 -0.6007422642379789
 -0.6631226582407950
 -0.7212024473438144
 -0.7746049618276545
 -0.8229838658936564
 -0.8660254037844387
 -0.9034504346103821
 -0.9350162426854147
 -0.9605181116313722
 -0.9797906520422677
 -0.9927088740980540
 -0.9991889981715696
  0.9992290362407229
  0.9930684569549263
  0.9807852804032304
  0.9624552364536473
  0.9381913359224842
  0.9081431738250813
  0.8724960070727972
  0.8314696123025452
  0.7853169308807449
  0.7343225094356856
  0.6788007455329418
  0.6190939493098341
  0.5555702330196023
  0.4886212414969550
  0.4186597375374281
  0.3461170570774930
  0.2714404498650743
  0.1950903220161283
  0.1175373974578377
  0.0392598157590687
 -0.0392598157590683
 -0.1175373974578376
 -0.1950903220161282
 -0.2714404498650742
 -0.3461170570774931
 -0.4186597375374278
 -0.4886212414969547
 -0.5555702330196020
 -0.6190939493098341
 -0.6788007455329419
 -0.7343225094356853
 -0.7853169308807447
 -0.8314696123025453
 -0.8724960070727972
 -0.9081431738250814
 -0.9381913359224840
 -0.9624552364536472
 -0.9807852804032304
 -0.9930684569549263
 -0.9992290362407229
  0.9992661810508100
  0.9934020897596750
  0.9817083199968549
  0.9642534954531410
  0.9411400479795615
  0.9125036164765500
  0.8785122509109424
  0.8393654261319500
  0.7952928712734265
  0.7465532216119627
  0.6934325007922417
  0.6362424423265598
  0.5753186602186207
  0.5110186794471103
  0.4437198378669598
  0.3738170718407688
  0.3017205985951924
  0.2278535089031377
  0.1526492842188745
  0.0765492528364959
  0.0000000000000001
 -0.0765492528364958
 -0.1526492842188746
 -0.2278535089031374
 -0.3017205985951923
 -0.3738170718407687
 -0.4437198378669597
 -0.5110186794471105
 -0.5753186602186205
 -0.6362424423265596
 -0.6934325007922416
 -0.7465532216119627
 -0.7952928712734265
 -0.8393654261319499
 -0.8785122509109422
 -0.9125036164765500
 -0.9411400479795615
 -0.9642534954531410
 -0.9817083199968549
 -0.9934020897596750
 -0.9992661810508100
  0.9993007047883986
  0.9937122098932426
  0.9825664732332883
  0.9659258262890683
  0.9438833303083676
  0.9165622558699762
  0.8841153935046098
  0.8467241992282842
  0.8045977797666684
  0.7579717231454529
  0.7071067811865476
  0.6522874112781212
  0.5938201855735016
  0.5320320765153366
  0.4672686282730620
  0.3998920243197409
  0.3302790619551672
  0.2588190451025207
  0.1859116071629147
  0.1119644761033079
  0.0373911942763258
 -0.0373911942763255
 -0.1119644761033078
 -0.1859116071629146
 -0.2588190451025209
 -0.3302790619551668
 -0.3998920243197407
 -0.4672686282730620
 -0.5320320765153365
 -0.5938201855735015
 -0.6522874112781208
 -0.7071067811865475
 -0.7579717231454531
 -0.8045977797666684
 -0.8467241992282841
 -0.8841153935046097
 -0.9165622558699762
 -0.9438833303083676
 -0.9659258262890682
 -0.9825664732332883
 -0.9937122098932426
 -0.9993007047883986
  0.9993328483702394
  0.9940009752399459
  0.9833656768294661
  0.9674836970574252
  0.9464397731576093
  0.9203461835691594
  0.8893421488825189
  0.8535930890373464
  0.8132897407355654
  0.7686471397785321
  0.7199034737579959
  0.6673188112222395
  0.6111737140978493
  0.5517677407704460
  0.4894178478110855
  0.4244566988758152
  0.3572308898011328
  0.2880990993652377
  0.2174301755815570
  0.1456011677350050
  0.0729953146609075
  0.0000000000000001
 -0.0729953146609076
 -0.1456011677350046
 -0.2174301755815568
 -0.2880990993652376
 -0.3572308898011327
 -0.4244566988758149
 -0.4894178478110853
 -0.5517677407704460
 -0.6111737140978493
 -0.6673188112222393
 -0.7199034737579957
 -0.7686471397785322
 -0.8132897407355654
 -0.8535930890373464
 -0.8893421488825188
 -0.9203461835691593
 -0.9464397731576094
 -0.9674836970574252
 -0.9833656768294661
 -0.9940009752399459
 -0.9993328483702394
  0.9993628256569916
  0.9942703017718973
  0.9841112043361161
  0.9689373017815073
  0.9488259168373196
  0.9238795325112867
  0.8942252698597113
  0.8600142402077006
  0.8214207751204916
  0.7786415380497551
  0.7318945221817255
  0.6814179395938912
  0.6274690073808520
  0.5703226369349641
  0.5102700330608998
  0.4476172100627125
  0.3826834323650898
  0.3157995876150250
  0.2473065005542154
  0.1775531962543034
  0.1068951215651130
  0.0356923338389805
 -0.0356923338389804
 -0.1068951215651127
 -0.1775531962543031
 -0.2473065005542155
 -0.3157995876150249
 -0.3826834323650897
 -0.4476172100627124
 -0.5102700330608995
 -0.5703226369349642
 -0.6274690073808521
 -0.6814179395938912
 -0.7318945221817252
 -0.7786415380497550
 -0.8214207751204913
 -0.8600142402077006
 -0.8942252698597113
 -0.9238795325112867
 -0.9488259168373195
 -0.9689373017815073
 -0.9841112043361161
 -0.9942703017718973
 -0.9993628256569917
  0.9993908270190958
  0.9945218953682733
  0.9848077530122080
  0.9702957262759965
  0.9510565162951535
  0.9271838545667874
  0.8987940462991670
  0.8660254037844387
  0.8290375725550417
  0.7880107536067219
  0.7431448254773942
  0.6946583704589974
  0.6427876096865394
  0.5877852522924731
  0.5299192642332049
  0.4694715627858909
  0.4067366430758004
  0.3420201433256688
  0.2756373558169992
  0.2079116908177592
  0.1391731009600655
  0.0697564737441252
  0.0000000000000001
 -0.0697564737441253
 -0.1391731009600651
 -0.2079116908177591
 -0.2756373558169991
 -0.3420201433256687
 -0.4067366430758001
 -0.4694715627858905
 -0.5299192642332048
 -0.5877852522924730
 -0.6427876096865394
 -0.6946583704589974
 -0.7431448254773944
 -0.7880107536067219
 -0.8290375725550416
 -0.8660254037844387
 -0.8987940462991668
 -0.9271838545667873
 -0.9510565162951535
 -0.9702957262759965
 -0.9848077530122080
 -0.9945218953682733
 -0.9993908270190958
  0.9994170223661740
  0.9947572788580948
  0.9854595177171969
  0.9715670893979415
  0.9531447668141608
  0.9302784433378332
  0.9030747323245327
  0.8716604700327513
  0.8361821242547109
  0.7968051114159046
  0.7537130253273612
  0.7071067811865476
  0.6572036788179725
  0.6042363895210945
  0.5484518712493187
  0.4901102171780173
  0.4294834430300821
  0.3668542188130565
  0.3025145508810758
  0.2367644204664468
  0.1699103850286668
  0.1022641489420341
  0.0341411101859678
 -0.0341411101859679
 -0.1022641489420342
 -0.1699103850286666
 -0.2367644204664467
 -0.3025145508810757
 -0.3668542188130564
 -0.4294834430300817
 -0.4901102171780168
 -0.5484518712493189
 -0.6042363895210945
 -0.6572036788179726
 -0.7071067811865475
 -0.7537130253273608
 -0.7968051114159045
 -0.8361821242547106
 -0.8716604700327514
 -0.9030747323245327
 -0.9302784433378332
 -0.9531447668141608
 -0.9715670893979415
 -0.9854595177171969
 -0.9947572788580948
 -0.9994170223661740
  0.9994415637302546
  0.9949778150885040
  0.9860702539900286
  0.9727586637650372
  0.9551024972069124
  0.9331806110416025
  0.9070909137343407
  0.8769499282066715
  0.8428922714167970
  0.8050700531275630
  0.7636521965473321
  0.7188236838779294
  0.6707847301392235
  0.6197498889602449
  0.5659470943305952
  0.5096166425919175
  0.4510101192161018
  0.3903892751634948
  0.3280248578395691
  0.2641954018712862
  0.1991859851038360
  0.1332869553737790
  0.0667926337451216
  0.0000000000000001
 -0.0667926337451215
 -0.1332869553737786
 -0.1991859851038359
 -0.2641954018712860
 -0.3280248578395691
 -0.3903892751634947
 -0.4510101192161020
 -0.5096166425919175
 -0.5659470943305953
 -0.6197498889602446
 -0.6707847301392232
 -0.7188236838779292
 -0.7636521965473319
 -0.8050700531275629
 -0.8428922714167970
 -0.8769499282066715
 -0.9070909137343407
 -0.9331806110416025
 -0.9551024972069124
 -0.9727586637650371
 -0.9860702539900286
 -0.9949778150885041
 -0.9994415637302546
  0.9994645874763657
  0.9951847266721969
  0.9866433320848790
  0.9738769792773336
  0.9569403357322088
  0.9359059267573258
  0.9108638249211758
  0.8819212643483550
  0.8492021815265789
  0.8128466845916152
  0.7730104533627370
  0.7298640726978357
  0.6835923020228712
  0.6343932841636455
  0.5824776968678023
  0.5280678506503681
  0.4713967368259978
  0.4127070298043947
  0.3522500479212336
  0.2902846772544623
  0.2270762630343732
  0.1628954733945888
  0.0980171403295608
  0.0327190828217762
 -0.0327190828217760
 -0.0980171403295606
 -0.1628954733945887
 -0.2270762630343731
 -0.2902846772544622
 -0.3522500479212335
 -0.4127070298043946
 -0.4713967368259977
 -0.5280678506503680
 -0.5824776968678020
 -0.6343932841636454
 -0.6835923020228714
 -0.7298640726978354
 -0.7730104533627370
 -0.8128466845916151
 -0.8492021815265788
 -0.8819212643483549
 -0.9108638249211759
 -0.9359059267573255
 -0.9569403357322088
 -0.9738769792773336
 -0.9866433320848790
 -0.9951847266721968
 -0.9994645874763657
  0.9994862162006879
  0.9953791129491982
  0.9871817834144502
  0.9749279121818236
  0.9586678530366606
  0.9384684220497604
  0.9144126230158125
  0.8865993063730001
  0.8551427630053462
  0.8201722545969559
  0.7818314824680298
  0.7402779970753155
  0.6956825506034864
  0.6482283953077885
  0.5981105304912160
  0.5455349012105486
  0.4907175520039379
  0.4338837391175582
  0.3752670048793742
  0.3151082180236208
  0.2536545839095073
  0.1911586287013725
  0.1278771616845060
  0.0640702199807130
  0.0000000000000001
 -0.0640702199807128
 -0.1278771616845061
 -0.1911586287013722
 -0.2536545839095072
 -0.3151082180236207
 -0.3752670048793741
 -0.4338837391175581
 -0.4907175520039376
 -0.5455349012105486
 -0.5981105304912160
 -0.6482283953077882
 -0.6956825506034864
 -0.7402779970753154
 -0.7818314824680297
 -0.8201722545969560
 -0.8551427630053461
 -0.8865993063730001
 -0.9144126230158124
 -0.9384684220497603
 -0.9586678530366606
 -0.9749279121818236
 -0.9871817834144502
 -0.9953791129491982
 -0.9994862162006879
  0.9995065603657316
  0.9955619646030800
  0.9876883405951378
  0.9759167619387474
  0.9602936856769431
  0.9408807689542255
  0.9177546256839811
  0.8910065241883679
  0.8607420270039436
  0.8270805742745618
  0.7901550123756904
  0.7501110696304595
  0.7071067811865476
  0.6613118653236518
  0.6129070536529766
  0.5620833778521306
  0.5090414157503712
  0.4539904997395469
  0.3971478906347806
  0.3387379202452915
  0.2789911060392295
  0.2181432413965427
  0.1564344650402309
  0.0941083133185145
  0.0314107590781284
 -0.0314107590781283
 -0.0941083133185144
 -0.1564344650402310
 -0.2181432413965423
 -0.2789911060392292
 -0.3387379202452914
 -0.3971478906347805
 -0.4539904997395467
 -0.5090414157503713
 -0.5620833778521304
 -0.6129070536529763
 -0.6613118653236517
 -0.7071067811865475
 -0.7501110696304595
 -0.7901550123756904
 -0.8270805742745619
 -0.8607420270039435
 -0.8910065241883678
 -0.9177546256839811
 -0.9408807689542255
 -0.9602936856769431
 -0.9759167619387474
 -0.9876883405951377
 -0.9955619646030800
 -0.9995065603657316
