  0.0000000000000000
  0.5773502691896257
 -0.5773502691896257
  0.7745966692414834
  0.0000000000000000
 -0.7745966692414834
  0.8611363115940525
  0.3399810435848563
 -0.3399810435848563
 -0.8611363115940525
  0.9061798459386639
  0.5384693101056830
  0.0000000000000000
 -0.5384693101056830
 -0.9061798459386639
  0.9324695142031521
  0.6612093864662645
  0.2386191860831969
 -0.2386191860831969
 -0.6612093864662645
 -0.9324695142031521
  0.9491079123427584
  0.7415311855993945
  0.4058451513773971
  0.0000000000000000
 -0.4058451513773971
 -0.7415311855993945
 -0.9491079123427584
  0.9602898564975364
  0.7966664774136267
  0.5255324099163290
  0.1834346424956498
 -0.1834346424956498
 -0.5255324099163290
 -0.7966664774136267
 -0.9602898564975364
  0.9681602395076261
  0.8360311073266358
  0.6133714327005904
  0.3242534234038090
  0.0000000000000000
 -0.3242534234038090
 -0.6133714327005904
 -0.8360311073266358
 -0.9681602395076261
  0.9739065285171717
  0.8650633666889846
  0.6794095682990244
  0.4333953941292472
  0.1488743389816312
 -0.1488743389816312
 -0.4333953941292472
 -0.6794095682990244
 -0.8650633666889846
 -0.9739065285171717
  0.9782286581460569
  0.8870625997680954
  0.7301520055740494
  0.5190961292068117
  0.2695431559523449
  0.0000000000000000
 -0.2695431559523449
 -0.5190961292068117
 -0.7301520055740494
 -0.8870625997680954
 -0.9782286581460569
  0.9815606342467191
  0.9041172563704749
  0.7699026741943047
  0.5873179542866174
  0.3678314989981801
  0.1252334085114689
 -0.1252334085114689
 -0.3678314989981801
 -0.5873179542866174
 -0.7699026741943047
 -0.9041172563704749
 -0.9815606342467191
  0.9841830547185881
  0.9175983992229779
  0.8015780907333099
  0.6423493394403401
  0.4484927510364469
  0.2304583159551348
  0.0000000000000000
 -0.2304583159551348
 -0.4484927510364469
 -0.6423493394403401
 -0.8015780907333099
 -0.9175983992229779
 -0.9841830547185881
  0.9862838086968124
  0.9284348836635736
  0.8272013150697650
  0.6872929048116854
  0.5152486363581541
  0.3191123689278897
  0.1080549487073437
 -0.1080549487073437
 -0.3191123689278897
 -0.5152486363581541
 -0.6872929048116854
 -0.8272013150697650
 -0.9284348836635736
 -0.9862838086968124
  0.9879925180204854
  0.9372733924007060
  0.8482065834104273
  0.7244177313601701
  0.5709721726085388
  0.3941513470775634
  0.2011940939974345
  0.0000000000000000
 -0.2011940939974345
 -0.3941513470775634
 -0.5709721726085388
 -0.7244177313601701
 -0.8482065834104273
 -0.9372733924007060
 -0.9879925180204854
  0.9894009349916499
  0.9445750230732326
  0.8656312023878319
  0.7554044083550031
  0.6178762444026438
  0.4580167776572273
  0.2816035507792589
  0.0950125098376375
 -0.0950125098376375
 -0.2816035507792589
 -0.4580167776572273
 -0.6178762444026438
 -0.7554044083550031
 -0.8656312023878319
 -0.9445750230732326
 -0.9894009349916499
  0.9905754753144174
  0.9506755217687677
  0.8802391537269858
  0.7815140038968014
  0.6576711592166906
  0.5126905370864769
  0.3512317634538764
  0.1784841814958478
  0.0000000000000000
 -0.1784841814958478
 -0.3512317634538764
 -0.5126905370864769
 -0.6576711592166906
 -0.7815140038968014
 -0.8802391537269858
 -0.9506755217687677
 -0.9905754753144174
  0.9915651684209310
  0.9558239495713976
  0.8926024664975558
  0.8037049589725231
  0.6916870430603532
  0.5597708310739475
  0.4117511614628426
  0.2518862256915055
  0.0847750130417353
 -0.0847750130417353
 -0.2518862256915055
 -0.4117511614628426
 -0.5597708310739475
 -0.6916870430603532
 -0.8037049589725231
 -0.8926024664975558
 -0.9558239495713976
 -0.9915651684209310
  0.9924068438435842
  0.9602081521348300
  0.9031559036148180
  0.8227146565371428
  0.7209661773352294
  0.6005453046616811
  0.4645707413759610
  0.3165640999636299
  0.1603586456402253
  0.0000000000000000
 -0.1603586456402253
 -0.3165640999636299
 -0.4645707413759610
 -0.6005453046616811
 -0.7209661773352294
 -0.8227146565371428
 -0.9031559036148180
 -0.9602081521348300
 -0.9924068438435842
  0.9931285991850949
  0.9639719272779139
  0.9122344282513259
  0.8391169718222189
  0.7463319064601508
  0.6360536807265151
  0.5108670019508272
  0.3737060887154195
  0.2277858511416451
  0.0765265211334973
 -0.0765265211334973
 -0.2277858511416451
 -0.3737060887154195
 -0.5108670019508272
 -0.6360536807265151
 -0.7463319064601508
 -0.8391169718222189
 -0.9122344282513259
 -0.9639719272779139
 -0.9931285991850949
  0.9937521706203896
  0.9672268385663063
  0.9200993341504009
  0.8533633645833172
  0.7684399634756778
  0.6671388041974122
  0.5516188358872198
  0.4243421202074388
  0.2880213168024011
  0.1455618541608951
  0.0000000000000000
 -0.1455618541608951
 -0.2880213168024011
 -0.4243421202074388
 -0.5516188358872198
 -0.6671388041974122
 -0.7684399634756778
 -0.8533633645833172
 -0.9200993341504009
 -0.9672268385663063
 -0.9937521706203896
  0.9942945854823992
  0.9700604978354286
  0.9269567721871739
  0.8658125777203001
  0.7878168059792081
  0.6944872631866827
  0.5876404035069116
  0.4693558379867571
  0.3419358208920842
  0.2078604266882213
  0.0697392733197222
 -0.0697392733197222
 -0.2078604266882213
 -0.3419358208920842
 -0.4693558379867571
 -0.5876404035069116
 -0.6944872631866827
 -0.7878168059792081
 -0.8658125777203001
 -0.9269567721871739
 -0.9700604978354286
 -0.9942945854823992
  0.9947693349975522
  0.9725424712181152
  0.9329710868260161
  0.8767523582704415
  0.8048884016188400
  0.7186613631319503
  0.6196098757636461
  0.5095014778460074
  0.3903010380302909
  0.2641356809703450
  0.1332568242984661
  0.0000000000000000
 -0.1332568242984661
 -0.2641356809703450
 -0.3903010380302909
 -0.5095014778460074
 -0.6196098757636461
 -0.7186613631319503
 -0.8048884016188400
 -0.8767523582704415
 -0.9329710868260161
 -0.9725424712181152
 -0.9947693349975522
  0.9951872199970213
  0.9747285559713095
  0.9382745520027327
  0.8864155270044010
  0.8200019859739029
  0.7401241915785544
  0.6480936519369755
  0.5454214713888397
  0.4337935076260451
  0.3150426796961634
  0.1911188674736163
  0.0640568928626056
 -0.0640568928626056
 -0.1911188674736163
 -0.3150426796961634
 -0.4337935076260451
 -0.5454214713888397
 -0.6480936519369755
 -0.7401241915785544
 -0.8200019859739029
 -0.8864155270044010
 -0.9382745520027327
 -0.9747285559713095
 -0.9951872199970213
  0.9955569697904982
  0.9766639214595174
  0.9429745712289743
  0.8949919978782754
  0.8334426287608339
  0.7592592630373578
  0.6735663684734683
  0.5776629302412228
  0.4730027314457150
  0.3611723058093879
  0.2438668837209885
  0.1228646926107104
  0.0000000000000000
 -0.1228646926107104
 -0.2438668837209885
 -0.3611723058093879
 -0.4730027314457150
 -0.5776629302412228
 -0.6735663684734683
 -0.7592592630373578
 -0.8334426287608339
 -0.8949919978782754
 -0.9429745712289743
 -0.9766639214595174
 -0.9955569697904982
  0.9958857011456170
  0.9783854459564711
  0.9471590666617142
  0.9026378619843070
  0.8454459427884982
  0.7763859488206788
  0.6964272604199573
  0.6066922930176180
  0.5084407148245056
  0.4030517551234864
  0.2920048394859569
  0.1768588203568902
  0.0592300934293132
 -0.0592300934293132
 -0.1768588203568902
 -0.2920048394859569
 -0.4030517551234864
 -0.5084407148245056
 -0.6066922930176180
 -0.6964272604199573
 -0.7763859488206788
 -0.8454459427884982
 -0.9026378619843070
 -0.9471590666617142
 -0.9783854459564711
 -0.9958857011456170
  0.9961792628889885
  0.9799234759615012
  0.9509005578147049
  0.9094823206774911
  0.8562079080182945
  0.7917716390705083
  0.7170134737394238
  0.6329079719464952
  0.5405515645794567
  0.4411482517500269
  0.3359939036385089
  0.2264593654395368
  0.1139725856095299
  0.0000000000000000
 -0.1139725856095299
 -0.2264593654395368
 -0.3359939036385089
 -0.4411482517500269
 -0.5405515645794567
 -0.6329079719464952
 -0.7170134737394238
 -0.7917716390705083
 -0.8562079080182945
 -0.9094823206774911
 -0.9509005578147049
 -0.9799234759615012
 -0.9961792628889885
  0.9964424975739545
  0.9813031653708726
  0.9542592806289383
  0.9156330263921322
  0.8658925225743950
  0.8056413709171792
  0.7356108780136319
  0.6566510940388650
  0.5697204718114017
  0.4758742249551182
  0.3762515160890787
  0.2720616276351782
  0.1645692821333808
  0.0550792898840342
 -0.0550792898840342
 -0.1645692821333808
 -0.2720616276351782
 -0.3762515160890787
 -0.4758742249551182
 -0.5697204718114017
 -0.6566510940388650
 -0.7356108780136319
 -0.8056413709171792
 -0.8658925225743950
 -0.9156330263921322
 -0.9542592806289383
 -0.9813031653708726
 -0.9964424975739545
  0.9966794422605965
  0.9825455052614132
  0.9572855957780877
  0.9211802329530587
  0.8746378049201029
  0.8181854876152523
  0.7524628517344771
  0.6782145376026865
  0.5962817971382277
  0.5075929551242275
  0.4131528881740087
  0.3140316378676400
  0.2113522861660011
  0.1062782301326792
  0.0000000000000000
 -0.1062782301326792
 -0.2113522861660011
 -0.3140316378676400
 -0.4131528881740087
 -0.5075929551242275
 -0.5962817971382277
 -0.6782145376026865
 -0.7524628517344771
 -0.8181854876152523
 -0.8746378049201029
 -0.9211802329530587
 -0.9572855957780877
 -0.9825455052614132
 -0.9966794422605965
  0.9968934840746495
  0.9836681232797471
  0.9600218649683074
  0.9262000474292744
  0.8825605357920527
  0.8295657623827684
  0.7677774321048263
  0.6978504947933160
  0.6205261829892428
  0.5366241481420198
  0.4470337695380891
  0.3527047255308782
  0.2546369261678898
  0.1538699136085835
  0.0514718425553177
 -0.0514718425553177
 -0.1538699136085835
 -0.2546369261678898
 -0.3527047255308782
 -0.4470337695380891
 -0.5366241481420198
 -0.6205261829892428
 -0.6978504947933160
 -0.7677774321048263
 -0.8295657623827684
 -0.8825605357920527
 -0.9262000474292744
 -0.9600218649683074
 -0.9836681232797471
 -0.9968934840746495
  0.9970874818194770
  0.9846859096651523
  0.9625039250929497
  0.9307569978966481
  0.8897600299482711
  0.8399203201462673
  0.7817331484166248
  0.7157767845868532
  0.6427067229242605
  0.5632491614071493
  0.4781937820449025
  0.3883859016082329
  0.2947180699817016
  0.1981211993355707
  0.0995553121523415
  0.0000000000000000
 -0.0995553121523415
 -0.1981211993355707
 -0.2947180699817016
 -0.3883859016082329
 -0.4781937820449025
 -0.5632491614071493
 -0.6427067229242605
 -0.7157767845868532
 -0.7817331484166248
 -0.8399203201462673
 -0.8897600299482711
 -0.9307569978966481
 -0.9625039250929497
 -0.9846859096651523
 -0.9970874818194770
  0.9972638618494816
  0.9856115115452684
  0.9647622555875064
  0.9349060759377397
  0.8963211557660520
  0.8493676137325701
  0.7944837959679423
  0.7321821187402897
  0.6630442669302152
  0.5877157572407623
  0.5068999089322292
  0.4213512761306353
  0.3318686022821277
  0.2392873622521370
  0.1444719615827965
  0.0483076656877384
 -0.0483076656877384
 -0.1444719615827965
 -0.2392873622521370
 -0.3318686022821277
 -0.4213512761306353
 -0.5068999089322292
 -0.5877157572407623
 -0.6630442669302152
 -0.7321821187402897
 -0.7944837959679423
 -0.8493676137325701
 -0.8963211557660520
 -0.9349060759377397
 -0.9647622555875064
 -0.9856115115452684
 -0.9972638618494816
  0.9974246942464551
  0.9864557262306426
  0.9668229096899927
  0.9386943726111685
  0.9023167677434336
  0.8580096526765040
  0.8061623562741667
  0.7472304964495622
  0.6817319599697429
  0.6102423458363790
  0.5333899047863477
  0.4518500172724507
  0.3663392577480733
  0.2776090971524971
  0.1864392988279915
  0.0936310658547334
  0.0000000000000000
 -0.0936310658547334
 -0.1864392988279915
 -0.2776090971524971
 -0.3663392577480733
 -0.4518500172724507
 -0.5333899047863477
 -0.6102423458363790
 -0.6817319599697429
 -0.7472304964495622
 -0.8061623562741667
 -0.8580096526765040
 -0.9023167677434336
 -0.9386943726111685
 -0.9668229096899927
 -0.9864557262306426
 -0.9974246942464551
  0.9975717537908420
  0.9872278164063095
  0.9687082625333443
  0.9421623974051072
  0.9078096777183244
  0.8659346383345645
  0.8168842279009336
  0.7610648766298729
  0.6989391132162628
  0.6310217270805285
  0.5578755006697467
  0.4801065451903270
  0.3983592777586460
  0.3133110813394633
  0.2256666916164494
  0.1361523572591830
  0.0455098219531025
 -0.0455098219531025
 -0.1361523572591830
 -0.2256666916164494
 -0.3133110813394633
 -0.3983592777586460
 -0.4801065451903270
 -0.5578755006697467
 -0.6310217270805285
 -0.6989391132162628
 -0.7610648766298729
 -0.8168842279009336
 -0.8659346383345645
 -0.9078096777183244
 -0.9421623974051072
 -0.9687082625333443
 -0.9872278164063095
 -0.9975717537908420
  0.9977065690996003
  0.9879357644438516
  0.9704376160392298
  0.9453451482078274
  0.9128542613593176
  0.8732191250252224
  0.8267498990922255
  0.7738102522869126
  0.7148145015566287
  0.6502243646658905
  0.5805453447497646
  0.5063227732414886
  0.4281375415178142
  0.3466015544308139
  0.2623529412092960
  0.1760510611659896
  0.0883713432756592
  0.0000000000000000
 -0.0883713432756592
 -0.1760510611659896
 -0.2623529412092960
 -0.3466015544308139
 -0.4281375415178142
 -0.5063227732414886
 -0.5805453447497646
 -0.6502243646658905
 -0.7148145015566287
 -0.7738102522869126
 -0.8267498990922255
 -0.8732191250252224
 -0.9128542613593176
 -0.9453451482078274
 -0.9704376160392298
 -0.9879357644438516
 -0.9977065690996003
  0.9978304624840857
  0.9885864789022123
  0.9720276910496981
  0.9482729843995075
  0.9174977745156592
  0.8799298008903973
  0.8358471669924752
  0.7855762301322065
  0.7294891715935568
  0.6680012365855210
  0.6015676581359806
  0.5306802859262452
  0.4558639444334203
  0.3776725471196892
  0.2966849953440283
  0.2135008923168655
  0.1287361038093848
  0.0430181984737086
 -0.0430181984737086
 -0.1287361038093848
 -0.2135008923168655
 -0.2966849953440283
 -0.3776725471196892
 -0.4558639444334203
 -0.5306802859262452
 -0.6015676581359806
 -0.6680012365855210
 -0.7294891715935568
 -0.7855762301322065
 -0.8358471669924752
 -0.8799298008903973
 -0.9174977745156592
 -0.9482729843995075
 -0.9720276910496981
 -0.9885864789022123
 -0.9978304624840857
  0.9979445824779136
  0.9891859632143192
  0.9734930300564857
  0.9509723432620949
  0.9217814374124638
  0.8861249621554861
  0.8442529873405560
  0.7964592005099023
  0.7430788339819654
  0.6844863091309592
  0.6210926084089246
  0.5533423918615816
  0.4817108778032055
  0.4067005093183261
  0.3288374298837070
  0.2486677927913657
  0.1667539302398520
  0.0836704089547700
  0.0000000000000000
 -0.0836704089547700
 -0.1667539302398520
 -0.2486677927913657
 -0.3288374298837070
 -0.4067005093183261
 -0.4817108778032055
 -0.5533423918615816
 -0.6210926084089246
 -0.6844863091309592
 -0.7430788339819654
 -0.7964592005099023
 -0.8442529873405560
 -0.8861249621554861
 -0.9217814374124638
 -0.9509723432620949
 -0.9734930300564857
 -0.9891859632143192
 -0.9979445824779136
  0.9980499305356876
  0.9897394542663855
  0.9748463285901536
  0.9534663309335296
  0.9257413320485846
  0.8918557390046322
  0.8520350219323622
  0.8065441676053169
  0.7556859037539707
  0.6997986803791845
  0.6392544158296816
  0.5744560210478071
  0.5058347179279310
  0.4338471694323764
  0.3589724404794350
  0.2817088097901652
  0.2025704538921167
  0.1220840253378674
  0.0407851479045782
 -0.0407851479045782
 -0.1220840253378674
 -0.2025704538921167
 -0.2817088097901652
 -0.3589724404794350
 -0.4338471694323764
 -0.5058347179279310
 -0.5744560210478071
 -0.6392544158296816
 -0.6997986803791845
 -0.7556859037539707
 -0.8065441676053169
 -0.8520350219323622
 -0.8918557390046322
 -0.9257413320485846
 -0.9534663309335296
 -0.9748463285901536
 -0.9897394542663855
 -0.9980499305356876
  0.9981473830664329
  0.9902515368546858
  0.9760987093334710
  0.9557752123246521
  0.9294091484867382
  0.8971671192929929
  0.8592529379999061
  0.8159062974301432
  0.7674012429310635
  0.7140444358945346
  0.6561732134320111
  0.5941534549572780
  0.5283772686604373
  0.4592605123091360
  0.3872401639715615
  0.3127715592481859
  0.2363255124618358
  0.1583853399978378
  0.0794438046087555
  0.0000000000000000
 -0.0794438046087555
 -0.1583853399978378
 -0.2363255124618358
 -0.3127715592481859
 -0.3872401639715615
 -0.4592605123091360
 -0.5283772686604373
 -0.5941534549572780
 -0.6561732134320111
 -0.7140444358945346
 -0.7674012429310635
 -0.8159062974301432
 -0.8592529379999061
 -0.8971671192929929
 -0.9294091484867382
 -0.9557752123246521
 -0.9760987093334710
 -0.9902515368546858
 -0.9981473830664329
  0.9982377097105593
  0.9907262386994571
  0.9772599499837744
  0.9579168192137917
  0.9328128082786766
  0.9020988069688745
  0.8659595032122596
  0.8246122308333117
  0.7783056514265194
  0.7273182551899271
  0.6719566846141796
  0.6125538896679803
  0.5494671250951282
  0.4830758016861787
  0.4137792043716049
  0.3419940908257585
  0.2681521850072537
  0.1926975807013711
  0.1160840706752552
  0.0387724175060509
 -0.0387724175060509
 -0.1160840706752552
 -0.1926975807013711
 -0.2681521850072537
 -0.3419940908257585
 -0.4137792043716049
 -0.4830758016861787
 -0.5494671250951282
 -0.6125538896679803
 -0.6719566846141796
 -0.7273182551899271
 -0.7783056514265194
 -0.8246122308333117
 -0.8659595032122596
 -0.9020988069688745
 -0.9328128082786766
 -0.9579168192137917
 -0.9772599499837744
 -0.9907262386994571
 -0.9982377097105593
  0.9983215885747714
  0.9911671096990164
  0.9783386735610833
  0.9599068917303462
  0.9359769874978539
  0.9066859447581010
  0.8722015116924413
  0.8327212004013613
  0.7884711450474093
  0.7397048030699263
  0.6867015020349512
  0.6297648390721964
  0.5692209416102159
  0.5054165991994060
  0.4387172770514071
  0.3695050226404815
  0.2981762773418248
  0.2251396056334227
  0.1508133548639922
  0.0756232589891630
  0.0000000000000000
 -0.0756232589891630
 -0.1508133548639922
 -0.2251396056334227
 -0.2981762773418248
 -0.3695050226404815
 -0.4387172770514071
 -0.5054165991994060
 -0.5692209416102159
 -0.6297648390721964
 -0.6867015020349512
 -0.7397048030699263
 -0.7884711450474093
 -0.8327212004013613
 -0.8722015116924413
 -0.9066859447581010
 -0.9359769874978539
 -0.9599068917303462
 -0.9783386735610833
 -0.9911671096990164
 -0.9983215885747714
  0.9983996189900624
  0.9915772883408609
  0.9793425080637483
  0.9617593653382044
  0.9389235573549883
  0.9109597249041275
  0.8780205698121728
  0.8402859832618170
  0.7979620532554874
  0.7512799356894804
  0.7004945905561712
  0.6458833888692479
  0.5877445974851092
  0.5263957499311922
  0.4621719120704220
  0.3954238520429750
  0.3265161244654116
  0.2558250793428791
  0.1837368065648546
  0.1106450272085198
  0.0369489431653518
 -0.0369489431653518
 -0.1106450272085198
 -0.1837368065648546
 -0.2558250793428791
 -0.3265161244654116
 -0.3954238520429750
 -0.4621719120704220
 -0.5263957499311922
 -0.5877445974851092
 -0.6458833888692479
 -0.7004945905561712
 -0.7512799356894804
 -0.7979620532554874
 -0.8402859832618170
 -0.8780205698121728
 -0.9109597249041275
 -0.9389235573549883
 -0.9617593653382044
 -0.9793425080637483
 -0.9915772883408609
 -0.9983996189900624
  0.9984723322425078
  0.9919595575932441
  0.9802782209802552
  0.9634866130140800
  0.9416719568476379
  0.9149479072061388
  0.8834537652186167
  0.8473537162093150
  0.8068359641369387
  0.7621117471949552
  0.7134142352689570
  0.6609973137514982
  0.6051342596396010
  0.5461163166600849
  0.4842511767857347
  0.4198613760292693
  0.3532826128643038
  0.2848619980329137
  0.2149562448605182
  0.1439298095107133
  0.0721529908745862
  0.0000000000000000
 -0.0721529908745862
 -0.1439298095107133
 -0.2149562448605182
 -0.2848619980329137
 -0.3532826128643038
 -0.4198613760292693
 -0.4842511767857347
 -0.5461163166600849
 -0.6051342596396010
 -0.6609973137514982
 -0.7134142352689570
 -0.7621117471949552
 -0.8068359641369387
 -0.8473537162093150
 -0.8834537652186167
 -0.9149479072061388
 -0.9416719568476379
 -0.9634866130140800
 -0.9802782209802552
 -0.9919595575932441
 -0.9984723322425078
  0.9985402006367741
  0.9923163921385156
  0.9811518330779139
  0.9650996504224931
  0.9442395091181941
  0.9186752599841759
  0.8885342382860433
  0.8539665950047104
  0.8151445396451349
  0.7722614792487559
  0.7255310536607169
  0.6751860706661224
  0.6214773459035758
  0.5646724531854708
  0.5050543913882022
  0.4429201745254114
  0.3785793520147072
  0.3123524665027859
  0.2445694569282013
  0.1755680147755168
  0.1056919017086533
  0.0352892369641353
 -0.0352892369641353
 -0.1056919017086533
 -0.1755680147755168
 -0.2445694569282013
 -0.3123524665027859
 -0.3785793520147072
 -0.4429201745254114
 -0.5050543913882022
 -0.5646724531854708
 -0.6214773459035758
 -0.6751860706661224
 -0.7255310536607169
 -0.7722614792487559
 -0.8151445396451349
 -0.8539665950047104
 -0.8885342382860433
 -0.9186752599841759
 -0.9442395091181941
 -0.9650996504224931
 -0.9811518330779139
 -0.9923163921385156
 -0.9985402006367741
  0.9986036451819367
  0.9926499984472037
  0.9819687150345406
  0.9666083103968948
  0.9466416909956292
  0.9221639367190004
  0.8932916717532418
  0.8601624759606641
  0.8229342205020864
  0.7817843125939063
  0.7369088489454905
  0.6885216807712005
  0.6368533944532233
  0.5821502125693532
  0.5246728204629161
  0.4646951239196351
  0.4025029438585419
  0.3383926542506022
  0.2726697697523775
  0.2056474897832637
  0.1376452059832531
  0.0689869801631442
  0.0000000000000000
 -0.0689869801631442
 -0.1376452059832531
 -0.2056474897832637
 -0.2726697697523775
 -0.3383926542506022
 -0.4025029438585419
 -0.4646951239196351
 -0.5246728204629161
 -0.5821502125693532
 -0.6368533944532233
 -0.6885216807712005
 -0.7369088489454905
 -0.7817843125939063
 -0.8229342205020864
 -0.8601624759606641
 -0.8932916717532418
 -0.9221639367190004
 -0.9466416909956292
 -0.9666083103968948
 -0.9819687150345406
 -0.9926499984472037
 -0.9986036451819367
  0.9986630421338178
  0.9929623489061745
  0.9827336698041669
  0.9680213918539919
  0.9488923634460900
  0.9254337988067540
  0.8977527115339421
  0.8659753948668580
  0.8302468370660661
  0.7907300570752742
  0.7476053596156662
  0.7010695120204056
  0.6513348462019977
  0.5986282897127153
  0.5431903302618026
  0.4852739183881647
  0.4251433132828284
  0.3630728770209957
  0.2993458227018700
  0.2342529222062697
  0.1680911794671036
  0.1011624753055842
  0.0337721900160521
 -0.0337721900160521
 -0.1011624753055842
 -0.1680911794671036
 -0.2342529222062697
 -0.2993458227018700
 -0.3630728770209957
 -0.4251433132828284
 -0.4852739183881647
 -0.5431903302618026
 -0.5986282897127153
 -0.6513348462019977
 -0.7010695120204056
 -0.7476053596156662
 -0.7907300570752742
 -0.8302468370660661
 -0.8659753948668580
 -0.8977527115339421
 -0.9254337988067540
 -0.9488923634460900
 -0.9680213918539919
 -0.9827336698041669
 -0.9929623489061745
 -0.9986630421338178
  0.9987187285842121
  0.9932552109877686
  0.9834510030716237
  0.9693467873265647
  0.9510039692577084
  0.9285026930123608
  0.9019413294385252
  0.8714360157968963
  0.8371201398999020
  0.7991437541677420
  0.7576729184454387
  0.7128889734090644
  0.6649877473903327
  0.6141786999563736
  0.5606840059346641
  0.5047375838635779
  0.4465840731048557
  0.3864777640846672
  0.3246814863377359
  0.2614654592149745
  0.1971061102791118
  0.1318848665545149
  0.0660869239163557
  0.0000000000000000
 -0.0660869239163557
 -0.1318848665545149
 -0.1971061102791118
 -0.2614654592149745
 -0.3246814863377359
 -0.3864777640846672
 -0.4465840731048557
 -0.5047375838635779
 -0.5606840059346641
 -0.6141786999563736
 -0.6649877473903327
 -0.7128889734090644
 -0.7576729184454387
 -0.7991437541677420
 -0.8371201398999020
 -0.8714360157968963
 -0.9019413294385252
 -0.9285026930123608
 -0.9510039692577084
 -0.9693467873265647
 -0.9834510030716237
 -0.9932552109877686
 -0.9987187285842121
  0.9987710072524261
  0.9935301722663508
  0.9841245837228270
  0.9705915925462474
  0.9529877031604308
  0.9313866907065544
  0.9058791367155696
  0.8765720202742480
  0.8435882616243935
  0.8070662040294425
  0.7671590325157402
  0.7240341309238145
  0.6778723796326638
  0.6288673967765135
  0.5772247260839727
  0.5231609747222330
  0.4669029047509584
  0.4086864819907168
  0.3487558862921607
  0.2873624873554555
  0.2247637903946891
  0.1612223560688917
  0.0970046992094626
  0.0323801709628693
 -0.0323801709628693
 -0.0970046992094626
 -0.1612223560688917
 -0.2247637903946891
 -0.2873624873554555
 -0.3487558862921607
 -0.4086864819907168
 -0.4669029047509584
 -0.5231609747222330
 -0.5772247260839727
 -0.6288673967765135
 -0.6778723796326638
 -0.7240341309238145
 -0.7671590325157402
 -0.8070662040294425
 -0.8435882616243935
 -0.8765720202742480
 -0.9058791367155696
 -0.9313866907065544
 -0.9529877031604308
 -0.9705915925462474
 -0.9841245837228270
 -0.9935301722663508
 -0.9987710072524261
  0.9988201506066354
  0.9937886619441678
  0.9847578959142131
  0.9717622009015554
  0.9548536586741374
  0.9341002947558101
  0.9095856558280733
  0.8814084455730089
  0.8496821198441658
  0.8145344273598556
  0.7761068943454466
  0.7345542542374028
  0.6900438244251321
  0.6427548324192376
  0.5928776941089007
  0.5406132469917262
  0.4861719414524921
  0.4297729933415766
  0.3716435012622850
  0.3120175321197487
  0.2511351786125773
  0.1892415924618136
  0.1265859972696721
  0.0634206849826868
  0.0000000000000000
 -0.0634206849826868
 -0.1265859972696721
 -0.1892415924618136
 -0.2511351786125773
 -0.3120175321197487
 -0.3716435012622850
 -0.4297729933415766
 -0.4861719414524921
 -0.5406132469917262
 -0.5928776941089007
 -0.6427548324192376
 -0.6900438244251321
 -0.7345542542374028
 -0.7761068943454466
 -0.8145344273598556
 -0.8496821198441658
 -0.8814084455730089
 -0.9095856558280733
 -0.9341002947558101
 -0.9548536586741374
 -0.9717622009015554
 -0.9847578959142131
 -0.9937886619441678
 -0.9988201506066354
  0.9988664044200710
  0.9940319694320907
  0.9853540840480060
  0.9728643851066920
  0.9566109552428079
  0.9366566189448780
  0.9130785566557917
  0.8859679795236131
  0.8554297694299460
  0.8215820708593360
  0.7845558329003994
  0.7444943022260686
  0.7015524687068222
  0.6558964656854394
  0.6077029271849503
  0.5571583045146502
  0.5044581449074643
  0.4498063349740388
  0.3934143118975651
  0.3355002454194373
  0.2762881937795321
  0.2160072368760417
  0.1548905899981459
  0.0931747015600861
  0.0310983383271888
 -0.0310983383271888
 -0.0931747015600861
 -0.1548905899981459
 -0.2160072368760417
 -0.2762881937795321
 -0.3355002454194373
 -0.3934143118975651
 -0.4498063349740388
 -0.5044581449074643
 -0.5571583045146502
 -0.6077029271849503
 -0.6558964656854394
 -0.7015524687068222
 -0.7444943022260686
 -0.7845558329003994
 -0.8215820708593360
 -0.8554297694299460
 -0.8859679795236131
 -0.9130785566557917
 -0.9366566189448780
 -0.9566109552428079
 -0.9728643851066920
 -0.9853540840480060
 -0.9940319694320907
 -0.9988664044200710
